match between 1 and 2 image.
[1.171430456723857, 0.01550835342223971, -447.828554866234;
 0.0636640414177347, 1.10474272401725, -129.2429013243362;
 4.244029158568737e-05, 5.538235575920159e-06, 1]
match between 1 and 3 image.
[1.328812493743812, -0.06909319414514277, -849.3264259254286;
 0.1340801740046872, 1.082206109407784, -246.3503636723773;
 9.89572565956101e-05, -4.544173033004401e-05, 1]
match between 1 and 4 image.
[1.689484543507715, -0.002846551017852594, -1742.206285394062;
 0.2516604496824591, 1.397095828991919, -630.8821115000427;
 0.0001755400725717146, -5.041124325362532e-06, 0.9999999999999999]
match between 1 and 5 image.
[1.893420618785272, 0.04395530074590515, -2459.77410847959;
 0.313568776146954, 1.595473043699249, -873.0836725990536;
 0.0002201519969369829, 1.97626296658376e-05, 1]
match between 1 and 6 image.
[2.112882276222715, 0.06953620150914341, -3350.260662119166;
 0.3740363445364732, 1.798821622483697, -1119.296813092938;
 0.0002680099231872648, 3.169216954257286e-05, 1]
match between 1 and 7 image.
[2.266581199609927, 0.04911700414711127, -4169.938877038678;
 0.4335501488502437, 1.918598625786225, -1289.794750385979;
 0.0003187416937030427, 4.59675390210055e-06, 0.9999999999999999]
match between 1 and 8 image.
[2.722449710201669, 0.06833910274563547, -5975.540664693149;
 0.6082416189012028, 2.254255589080857, -1616.303608120265;
 0.0004513951357370093, -3.438137462450281e-05, 1]
match between 1 and 9 image.
[3.215998131446778, -0.006016889451904471, -7946.301055358907;
 0.8601884527012826, 2.638098754532605, -2176.554716185998;
 0.0005889504230072275, -7.091925913775729e-05, 0.9999999999999999]
match between 1 and 10 image.
[-0.00820884664591498, -0.09463829839547439, 163.0463137944155;
 -0.0778273546111183, -0.9044830049244611, 1557.206422829778;
 -4.997599267616702e-05, -0.0005808441375743717, 1]


match between 2 and 3 image.
[1.188636576468275, 0.01805154427290646, -470.3441013941008;
 0.05321983865305841, 1.11547174899567, -196.5108747612552;
 4.34965871643556e-05, 7.993553066776737e-06, 0.9999999999999999]
match between 2 and 4 image.
[1.385920283904764, -0.02533558411917702, -990.4488529305675;
 0.1432104673467919, 1.180319684014134, -345.0908022345143;
 0.0001014831193905696, -1.490238809552604e-05, 1]
match between 2 and 5 image.
[1.516573414752888, -0.07805930620802688, -1430.402286597246;
 0.2091851116083333, 1.191191010016359, -442.3858880488976;
 0.0001483699494666345, -5.123804679311016e-05, 1]
match between 2 and 6 image.
[2.106176367261421, 0.08040543381029451, -2902.618186336889;
 0.3510253410701419, 1.80721459253267, -1112.746916984085;
 0.0002529301050515894, 5.216427454543492e-05, 1]
match between 2 and 7 image.
[1.897291475012323, 0.005421321653040267, -2981.477061568942;
 0.3076822633422832, 1.551907867939592, -845.4438108940577;
 0.0002310952385538136, -2.436533664960862e-05, 1]
match between 2 and 8 image.
[2.47577060262881, 0.08463498628843633, -4870.278252990965;
 0.4693092654407301, 2.095773810359905, -1329.079377597112;
 0.0003580409008628799, 1.806962063701896e-05, 1]
match between 2 and 9 image.
[2.988474140058469, -0.01034433307250832, -6625.479445166615;
 0.7439124453725127, 2.442157217823582, -1877.224813459504;
 0.0005166517298781368, -4.014331570054937e-05, 1]
match between 2 and 10 image.
[4.705427865784195, 0.2437349631223198, -12605.80073206699;
 1.219574029906796, 4.501471110632423, -3998.04589021719;
 0.0008299814474084677, 0.0002757152556068873, 1]


match between 3 and 4 image.
[1.246199378510087, 0.03889703116205716, -588.6060217029001;
 0.08317677663707186, 1.178569406394519, -212.5510080156858;
 5.281773003272522e-05, 2.251043877975037e-05, 1]
match between 3 and 5 image.
[1.440022182852018, 0.01873862671316381, -1098.766877800494;
 0.1587945538027854, 1.271287876049947, -372.7884056795498;
 0.0001058407944070786, 1.129125603544205e-05, 1]
match between 3 and 6 image.
[1.735387129899412, 0.01408613943997144, -1889.122075644037;
 0.2643843593658649, 1.44237565893673, -629.8112125804524;
 0.0001812063603075613, -2.724235628317627e-07, 1]
match between 3 and 7 image.
[1.548932913360992, -0.0903673276650299, -1936.304104521824;
 0.2338717241079417, 1.157161575068115, -375.1196606101016;
 0.0001678252596381567, -9.494157499768225e-05, 1]
match between 3 and 8 image.
[1.938214109655625, -0.001995479862282483, -3251.949445455636;
 0.337885370929117, 1.515041951280684, -633.7504769341305;
 0.0002516149671596099, -5.908452750475414e-05, 1]
match between 3 and 9 image.
[2.118836639884136, -0.02569888719140017, -4166.605483664354;
 0.4652396751817194, 1.566426411671408, -770.7585587841972;
 0.0003169369418559032, -0.0001158425840968466, 1]
match between 3 and 10 image.
[4.579394405121905, 0.4284606155762678, -11433.85703575416;
 1.22177216748367, 4.201633652259621, -3512.576328211313;
 0.0008057871171441568, 0.0002468117269155686, 1]


match between 4 and 5 image.
[1.059420640756376, -0.03608896375731785, -290.3255652873395;
 0.03126432383805115, 0.9796888974487703, -21.30754927655628;
 2.285743922659447e-05, -2.331405206866352e-05, 1]
match between 4 and 6 image.
[1.303386649317814, -0.01826392352758213, -918.9169135763798;
 0.1136669289396139, 1.114589519282511, -211.5963325525635;
 8.253636553313986e-05, -2.669332168195869e-05, 0.9999999999999999]
match between 4 and 7 image.
[1.521524656706447, -0.03207482442320922, -1557.945494340982;
 0.1894538919790563, 1.228504732315538, -367.6381138005033;
 0.000142530500124621, -4.071587397381624e-05, 0.9999999999999999]
match between 4 and 8 image.
[1.771554072510909, 0.04816865565588558, -2537.672060486117;
 0.2376982587226429, 1.487768823048137, -485.0230064774796;
 0.0001901577078213076, 6.323677846362537e-07, 0.9999999999999999]
match between 4 and 9 image.
[1.961590983677552, -0.01696276265593368, -3321.438753955044;
 0.3589372048586027, 1.567040513025109, -629.5593648651446;
 0.0002553963936950453, -4.587536979142076e-05, 1]
match between 4 and 10 image.
[2.729073976479511, 0.1297059162511327, -5841.625772205881;
 0.6006122131729947, 2.421342131027443, -1509.293420901887;
 0.0004093114777062983, 7.403288097354577e-05, 1]


match between 5 and 6 image.
[1.163312251076985, -0.0181078129776313, -454.2657502570186;
 0.06066175233595926, 1.062019293464329, -106.4636029821882;
 4.459657575737329e-05, -1.326339484944798e-05, 1]
match between 5 and 7 image.
[1.179427500072989, -0.000405191058430784, -845.5244053083982;
 0.0369818282045301, 1.077093870583531, -93.49207973335574;
 3.675856630097423e-05, -1.367444933381474e-05, 1]
match between 5 and 8 image.
[1.613730848279052, 0.02345377172689353, -1867.742071101973;
 0.1850921002397009, 1.395818557511904, -356.2834651510506;
 0.0001522463264049907, 6.121966841040191e-06, 0.9999999999999999]
match between 5 and 9 image.
[1.839328925315094, 0.0005509989349944654, -2683.866376424219;
 0.300696986025014, 1.526886092763495, -508.6210255085325;
 0.0002162774388518248, -1.269787792139882e-05, 0.9999999999999999]
match between 5 and 10 image.
[2.365758601785316, 0.08121684856902729, -4449.75200379394;
 0.4865335317260652, 2.06192751295951, -1097.915367882009;
 0.0003314428574399785, 4.402161582498851e-05, 1]


match between 6 and 7 image.
[1.132389543582729, 0.03261554765861437, -475.7764024369575;
 0.0346532303112777, 1.087225510760977, -80.66279349133612;
 3.064288728372119e-05, 8.025075166155555e-06, 1]
match between 6 and 8 image.
[1.34218916278194, -0.007640223664424906, -1087.799787819595;
 0.1045610039713859, 1.164288545247189, -107.415061348145;
 9.252079945923406e-05, -1.477355951727672e-05, 1]
match between 6 and 9 image.
[1.639263735408353, -0.05403056651472026, -1911.121020946393;
 0.2513218932325941, 1.263443151400155, -275.6245261455585;
 0.0001799882534810345, -6.11343849254463e-05, 1]
match between 6 and 10 image.
[1.948885496591235, 0.0339574540253168, -3095.243750509432;
 0.352823554339797, 1.628897680593546, -633.759312416733;
 0.0002401823247229561, -1.590501003665669e-06, 1]


match between 7 and 8 image.
[1.234525192638681, -0.03346558577251308, -610.7755891993452;
 0.07929746936317049, 1.071341768612814, -44.0176324653667;
 6.744162588130412e-05, -2.741829214785191e-05, 1]
match between 7 and 9 image.
[1.42085749158142, -0.1068953025653739, -1148.043919753627;
 0.1845940428421628, 1.108841261981404, -114.1927200282805;
 0.0001282806132346034, -6.594758696003019e-05, 0.9999999999999999]
match between 7 and 10 image.
[1.803994663447517, 0.04845551021653155, -2379.119911939974;
 0.2919588520428477, 1.576483569831201, -537.8223368603211;
 0.0001934699933315401, 2.830482635316477e-05, 0.9999999999999999]


match between 8 and 9 image.
[1.064031152657583, -0.07504884169566398, -316.9844895505242;
 0.05644417843057577, 0.9555089827559822, 46.9899411514863;
 3.131423217074546e-05, -3.697868558969973e-05, 1]
match between 8 and 10 image.
[1.091560700334762, -0.132846986796456, -655.6045258498501;
 0.09554140344927707, 0.9201814482896107, 65.21804117319793;
 5.176317013916821e-05, -5.622563385832027e-05, 1]


match between 9 and 10 image.
[1.295563375392232, 0.03819411899973534, -758.0022091984207;
 0.09933506224263722, 1.239333091708115, -267.9601124671706;
 6.178561859561269e-05, 3.165357325434196e-05, 1]

